64.2425 27.3001 7.21136 48.7683 41.5987 58.1615 -67.0057 -72.0024 -30.8152 -5.92436 -76.7089 -39.7772 -69.8125 20.8949 -74.5412 
21.3225 70.3816 46.8864 88.6366 -66.7814 37.1166 50.8936 51.4589 63.7886 -12.0279 26.5666 -93.856 -12.8528 -76.8384 38.0833 
-28.7226 -62.2409 -2.65169 31.8887 70.5412 4.44406 80.6565 -15.2961 -23.5596 -16.9315 -59.7447 5.28588 10.7602 -66.1714 -72.6923 
-62.4666 16.1829 -18.6543 -5.85878 -82.5873 -77.7282 -53.9779 55.157 -94.8134 36.1382 54.165 35.0888 13.0913 87.7242 -55.8753 
-85.4112 38.2196 6.39708 -57.3399 -80.979 81.8591 -55.8559 -69.3693 -25.6166 19.2675 63.0102 75.3807 0.673933 71.058 82.5168 
18.1265 97.7098 20.8125 -20.4552 -94.7372 -15.8318 32.6477 62.6213 -17.5455 -27.4281 32.9749 14.1549 -38.2544 45.462 83.7085 
78.9258 -76.2663 -92.205 -43.4354 3.1025 38.0882 -9.64309 37.6369 -84.5089 -24.2243 79.3348 70.5615 44.4351 -16.3306 -28.8475 
-44.9155 0.0835029 -52.3095 -11.0739 22.2223 13.6692 66.3183 -6.12977 -57.226 -10.9081 -45.8692 91.6692 -51.6338 -91.9109 96.9087 
14.499 72.5554 -44.5134 92.6479 90.6842 52.315 -90.4292 89.1485 36.7151 -5.59689 -72.9206 52.0475 41.0691 -50.6459 -23.1851 
41.6386 -53.6701 -34.9915 -83.9911 -30.4995 -83.1202 -36.5055 -12.6913 -12.0199 91.9391 71.0684 13.0187 -12.5363 -43.3391 -88.7735 
55.4803 99.2854 -17.6075 -13.3173 5.75221 -46.3765 9.84639 -60.94 -86.1362 38.3739 -50.7382 -15.7748 -78.0898 -15.1104 -9.54095 
-84.5487 -98.4279 -60.5128 -7.00137 -96.7412 26.7721 62.7259 -46.5835 -82.0923 43.7257 55.3235 57.1646 -22.4915 -65.0421 52.0952 
64.4263 80.9649 54.1918 -56.0063 -76.6409 -76.8824 97.4031 45.015 49.688 16.769 -25.3985 -25.5651 88.4937 70.98 80.1239 
91.7651 29.2121 60.7733 6.88717 -62.2625 -44.5769 -26.6935 -35.2285 50.6153 -46.4835 -98.2542 3.12674 16.6365 35.0582 27.6022 
-32.8374 -99.7963 -27.0202 67.0049 26.2513 -84.2688 99.7709 -61.2583 73.4732 -75.7228 66.1311 64.997 -94.163 -37.1578 46.4567 
-71.4287 97.2869 -30.5977 66.2227 -70.6958 -91.5504 -33.4084 -70.2553 -14.5138 -17.5803 -64.5798 13.9014 -58.6134 91.7624 48.9657 
64.3999 57.7071 6.31499 -90.1726 -7.71525 8.87471 85.8927 0.201014 -39.2108 -23.5873 41.2998 95.7018 15.9902 -99.2686 62.6045 
-33.3822 -39.5942 -67.0639 -26.2339 -20.2392 -33.1312 54.2717 -33.5486 -56.4051 -42.3218 39.8683 -30.621 -25.385 -53.7749 26.4992 
-15.3178 -9.64119 -40.8749 -1.3133 40.5783 -74.9041 -84.1085 -26.3121 8.28248 0.274402 30.6224 74.4272 -38.2359 27.9614 89.5741 
43.6661 20.4824 -6.0368 -78.5037 78.7991 -34.2984 -23.7675 83.1963 13.5852 -80.3211 79.2713 40.8172 -93.4088 -42.8279 -60.9031 
-17.4412 21.5228 -45.8819 -16.3787 36.8442 -8.01479 -13.6072 77.6634 92.5252 29.7594 -66.88 84.2091 55.6157 -22.2946 -38.3903 
27.9671 -37.2902 -44.8228 78.3944 6.26265 42.9215 91.5821 34.9004 -96.6486 74.2324 46.0683 -30.384 93.5143 -57.6731 -50.415 
98.746 95.0135 68.3744 65.1998 -98.1764 -12.8599 98.4733 -90.308 -86.1637 -66.4357 27.009 43.0199 -4.00814 68.2761 -79.9857 
-19.1056 54.0792 -8.27934 72.3877 12.3577 -38.7523 -14.4389 19.944 -61.7144 41.925 30.0473 -76.6515 -43.3187 57.1391 -40.6831 
94.9056 37.1197 63.9672 79.9102 31.1423 37.0381 -54.5803 74.7171 -11.0026 49.4144 -76.073 -45.0218 -10.4134 32.2371 -41.6304 
77.7065 5.34579 -16.2196 -26.2852 19.6199 55.3889 -92.6927 -55.5313 -39.6446 -96.4785 56.7496 38.7213 -48.24 24.0353 14.3304 
46.8258 -85.8555 39.9694 58.7955 16.9438 20.6388 -16.7805 13.8237 -25.8546 95.465 -23.9515 -67.2765 3.12584 -97.3914 -10.5537 
-92.354 -32.2477 52.0626 30.0679 -27.1027 -50.0338 -61.9099 34.0929 66.5442 50.7487 -16.4548 1.65172 -83.0594 10.0539 -78.7753 
-82.3091 0.302296 28.5888 -38.4134 88.3772 60.3211 73.4825 88.623 -84.4703 24.14 84.224 -19.5931 24.8751 0.352876 -27.0116 
-34.4738 19.5038 15.874 92.4352 -46.5907 99.0838 -97.5643 -75.237 -84.2285 -49.1186 -95.2352 -12.3066 -40.5099 -0.478761 0.465336 
14.772 0.0183528 -61.799 78.1464 -34.9566 -26.8632 -94.1408 -16.5974 -18.3237 -52.5973 -51.4537 -34.7266 17.3619 -97.2241 38.547 
-25.6083 49.3561 92.8565 -47.363 -56.6446 25.9768 -60.4932 -2.61367 -1.24288 -96.1812 -96.918 -89.6883 50.9078 60.295 -99.8762 
9.56674 -34.2902 23.9324 66.3963 10.2306 55.8605 -79.2626 75.6666 -2.60988 23.4986 -7.48337 -52.7138 60.2663 22.525 87.2983 
-33.8531 69.2067 -55.4668 89.7721 22.2709 -34.8356 -47.1721 -59.4577 3.93226 -36.6274 -50.8233 87.8602 53.4505 22.7378 37.1229 
-37.453 -70.0284 -29.6373 21.3316 -89.0641 -72.5329 95.4365 40.2611 30.5776 -9.19656 -39.8421 27.1905 -40.9605 -44.8875 -27.6713 
9.11582 62.3447 -93.929 -67.1939 3.95252 -22.0755 65.1591 33.4705 20.1425 -59.8211 -27.7656 -15.8749 83.6302 63.7204 56.7543 
-12.7152 -22.6637 18.0221 47.8517 -5.92405 84.5547 -79.726 95.6359 63.3373 96.1601 -40.5026 18.6858 18.0149 -40.8531 -62.1392 
40.9447 -4.3931 22.2357 -18.2385 -93.3078 9.17293 26.5285 49.3761 99.3528 39.7834 38.0328 -44.3135 -16.6916 -35.9044 -54.888 
-1.22228 -51.5987 -36.1772 73.8803 -58.0922 -86.5747 59.9958 -94.7363 59.8005 88.3453 -34.9317 -93.954 -49.6095 53.3331 21.9043 
-58.1022 -56.487 -52.615 -58.9664 -86.5869 -45.0788 -13.2208 -30.9851 48.2479 -6.27634 -63.3611 -15.8619 48.0578 91.3774 53.4521 
76.8618 33.6283 34.3287 12.2337 -66.5133 -20.7759 -53.8684 93.5383 38.3694 -6.89909 33.5782 -69.2153 57.5239 -88.5029 53.8034 
-15.6332 -62.5912 -10.3833 -9.20769 45.1426 49.5973 25.4415 -43.7549 87.7558 79.4347 -56.5868 -8.00925 -89.2814 22.7545 -91.0879 
-50.1388 -96.6198 53.817 -72.5691 -62.507 69.4069 96.4897 42.8507 76.9939 28.1081 -17.8538 61.1087 23.2832 -50.2988 -30.6923 
-51.9744 58.9313 -29.6864 31.3889 -99.4392 42.6311 2.61249 26.4193 -34.6915 84.9084 -9.19237 63.014 64.1569 -35.7187 93.5446 
-63.9156 -69.8151 -18.3982 -5.43194 -78.1978 -80.7145 -22.6256 -46.8163 -1.85913 -66.0273 -13.7787 39.0464 36.1505 59.3979 -43.2058 
12.3255 10.8788 -75.8578 37.989 -57.742 35.7992 42.6468 90.411 97.0019 -25.2207 16.2043 17.8869 -25.2568 -31.9757 -16.6142 
23.4549 94.0849 39.1676 -75.8505 2.16927 -63.0946 30.4345 38.2648 9.99994 -89.6782 6.48721 -51.9087 -69.7461 -43.6274 37.9459 
72.6038 96.6996 94.1248 70.5681 -12.0207 60.5545 45.0195 -11.8275 82.0927 11.4309 71.5904 -73.6299 -83.2932 -53.8291 70.7926 
-29.7617 -30.4069 57.0617 -59.6775 -37.7838 56.3814 8.26599 46.2531 -18.2461 -97.5442 -26.4277 -3.34957 16.6229 -90.3161 33.2844 
78.5056 21.8747 53.3027 -81.9361 86.1804 -63.3248 45.2948 -37.8603 29.0816 22.0228 42.0389 -44.4082 -70.2796 -51.6066 -29.4272 
2.69317 41.8516 27.5471 95.8881 74.3998 -6.14149 -65.6087 -75.1398 13.3411 -86.6526 45.3259 -3.64641 10.3372 -84.014 -91.652 
-19.7721 65.4592 -74.7541 -15.4018 30.3401 17.6012 88.4721 -69.396 95.3641 88.6812 -61.9673 -42.6497 64.9927 -89.0684 -52.1743 
-50.8312 82.3348 95.4214 -3.64864 -99.8085 -52.784 -55.931 88.6581 9.37984 58.8379 11.6001 -29.9502 98.5946 15.8115 -83.146 
15.1605 -72.7345 -14.7852 -21.9387 -30.5611 -88.8226 13.6471 -61.1037 66.554 8.44916 79.8578 23.7825 82.8069 20.714 -40.4581 
-27.3239 -46.7489 -75.6288 -17.6307 -27.1466 92.2789 52.471 67.0573 15.6191 7.36154 93.7178 77.3133 -83.4931 -45.494 82.9576 
85.9636 30.0965 79.3099 73.8331 -32.7901 -81.4749 -31.2269 30.7456 17.5589 -15.0093 -92.0645 35.4276 -30.8576 49.3656 47.3595 
33.3043 98.1856 -25.1387 -38.5265 0.265453 17.5502 51.6281 0.0912602 -53.5179 -13.497 40.7843 -27.9435 -3.83474 33.6405 -65.922 
61.4206 32.3995 -49.0447 61.7157 -72.8071 -25.1163 -63.3672 -23.1464 -38.7589 12.791 -75.0977 -24.2347 -69.9979 -36.1267 1.99578 
-47.4344 40.4587 35.3695 -22.0506 47.7535 -56.4915 34.9106 50.8624 -72.8006 -28.5696 97.948 40.8986 -97.6453 -23.7872 70.122 
44.1961 47.7111 -88.0206 39.1482 53.8421 98.2477 96.1566 -0.0245724 70.1586 -61.9794 0.687099 28.3118 6.44998 -58.3801 -39.9902 
45.5408 73.1121 -41.9853 24.9004 96.1129 -70.6813 -3.53009 33.0081 -27.755 19.5474 -48.818 55.0205 77.8371 10.629 28.2473 
-31.0798 -78.737 48.7724 1.27339 55.8146 4.25216 85.0353 -96.1169 0.127399 35.7899 22.9717 56.5507 -91.0214 -78.811 -74.4931 
64.6748 60.8185 -36.9048 83.1555 65.0235 -57.3758 -33.6562 81.9729 44.6244 79.3543 18.9125 -56.1866 -9.08722 92.8312 -11.0777 
32.1424 54.7306 37.668 -88.8668 -47.0706 -80.1088 -68.9089 11.1308 -94.9374 -28.4101 -1.23968 30.2738 33.6295 -27.3083 -58.5392 
-83.804 -71.3405 -43.8079 -63.8669 33.1673 2.4817 63.7495 -70.0914 -34.0857 -66.8854 -32.5016 -70.7756 23.3086 57.8974 77.798 
-73.6907 -13.8371 30.9967 -52.6781 8.57219 -31.8025 -4.81495 76.3665 -39.8735 -98.8404 11.7491 -77.3612 19.7856 -95.1178 81.2211 
95.4175 -44.9828 27.9449 -36.402 -35.378 -92.3003 -81.5966 55.4181 -72.422 -32.6046 -92.2597 -27.7481 -72.7355 95.3363 59.1287 
69.169 41.242 98.2826 96.0422 -48.0291 -75.3247 9.78462 -39.7375 -76.0162 19.3812 -92.2059 20.8551 44.3029 8.25101 78.0899 
-0.284262 20.2474 -34.4213 -32.6487 4.78179 35.315 93.7378 88.6073 -11.9565 -73.3915 95.5546 74.458 63.081 54.2524 -22.9605 
-57.8802 34.0473 51.6391 -29.8384 58.3528 45.7157 -99.2344 -99.2227 -99.2777 -69.5466 -63.1004 -6.47132 -28.7178 9.97117 27.0712 
21.9752 46.8076 -62.1483 -27.4985 61.665 -7.46849 -97.5223 -23.3661 24.5477 12.554 -57.457 -81.0796 86.2409 -56.145 -90.6775 
13.9734 26.974 -31.7652 -86.9368 11.0411 33.1501 72.2401 -65.9097 71.6867 97.5989 93.7259 -38.8655 76.1601 -57.6951 68.5606 
10.5128 32.6176 -79.2921 73.7717 -31.2287 80.1998 33.7671 -56.3907 0.773849 56.0019 -3.92487 60.2969 -22.1059 -78.7346 -68.4534 
-63.9309 53.7067 -15.5704 27.1573 14.5123 17.9871 -21.4548 -73.4537 -99.848 -22.2983 -6.03646 78.2032 -29.3153 83.9103 15.9466 
-69.8534 23.2167 -10.7139 2.40566 -74.0271 -35.2876 45.3782 -10.6153 -10.2313 -61.9733 -41.2177 20.3439 88.0938 -52.2993 -74.6526 
-81.4736 -91.596 -21.4299 59.2178 -3.64744 59.3572 80.3448 58.4322 90.168 -58.4568 81.0657 55.618 -21.246 21.9871 -20.5143 
-92.1459 -31.4625 22.2905 62.9941 62.52 11.1002 -79.8646 -67.4481 -4.61895 -67.5728 -38.0056 59.2767 91.3723 73.4187 10.902 
99.8501 -25.8931 24.1366 50.6883 -86.4744 -55.5424 68.3366 12.3038 2.23674 11.3145 -41.8306 -42.902 28.6649 -54.7816 85.971 
-56.4103 1.33885 -5.18148 16.2126 -38.9647 88.1693 30.5391 -82.7624 68.6332 36.468 -96.0397 -96.4722 -79.6497 -50.9166 46.6487 
-17.137 -61.911 -77.4452 85.8456 26.9546 89.4667 93.0717 -16.1864 -79.3377 -72.2758 -1.44421 -24.5352 72.882 55.6977 -38.2279 
60.4385 -54.0531 -44.4406 -97.3862 85.0444 -38.1216 -39.4591 -62.7234 92.2441 51.9844 45.1625 -86.1 -77.5014 11.1864 -99.5506 
78.2138 99.8595 96.672 -64.3413 51.9484 80.0722 58.7456 -35.9 -28.0152 -98.0893 19.0576 -26.1114 60.2466 -88.162 -82.1623 
83.1739 -83.5676 36.5121 77.9923 -78.3632 -73.8712 12.1048 75.196 -49.7002 15.7346 44.1794 -34.9126 81.9545 -5.06688 38.7627 
92.3665 54.7066 10.3232 78.0525 40.3759 -98.5492 -78.1912 -94.2959 -51.7616 -73.5073 48.8642 63.0823 23.6904 -98.442 34.4247 
-6.4239 -97.653 -88.1697 78.2058 98.9266 73.8583 -34.9741 78.3068 -96.0736 -58.8948 62.8213 -93.1005 -80.4752 29.5007 42.9921 
-33.2011 49.2018 -23.6241 -73.4324 -12.246 -19.0715 -98.0731 -93.3713 69.929 -13.8913 -97.628 -81.3428 -73.9572 20.0699 77.6816 
50.1581 11.8922 -98.5706 20.7139 -41.3437 -14.1091 87.8612 -64.8267 -33.6855 -14.4245 -78.4086 -64.4581 -96.5602 78.061 -33.1597 
52.5099 -81.9733 68.285 -70.5218 91.3597 -69.479 -68.3199 -57.5272 -19.3342 -61.7782 -11.8722 -78.5191 -62.8072 -15.7319 -39.3786 
0.546404 37.0192 -95.5373 73.9643 -82.0381 11.0735 70.8403 -69.3515 77.1857 77.5832 14.1602 1.04942 -55.1163 29.4672 71.2222 
62.5442 86.8499 -59.4963 -65.6252 -56.2686 -4.9617 10.9152 -40.6106 11.5226 59.8304 86.6896 4.96162 -8.85287 75.8577 -67.1888 
62.895 -15.6661 3.02027 -70.237 27.275 72.2855 40.4668 -62.041 -52.2593 45.8325 5.67004 69.4255 -77.1132 78.3565 -89.7031 
-11.1453 -32.2185 -38.0794 -96.3704 76.0564 -76.9046 -26.2509 -82.992 -44.7572 -1.48165 87.6502 22.6119 25.1095 -7.53697 -70.6614 
-8.46024 10.9866 -25.7716 69.8652 -62.7308 -48.5346 -39.4307 47.5679 59.0447 30.1972 7.81184 -63.6293 89.1134 -0.513965 48.8186 
-22.3474 81.4068 25.6623 22.7502 73.8158 -53.0599 90.8926 -44.4044 -82.4101 -5.90756 33.7856 63.5201 81.4513 60.3566 -74.6656 
-78.5051 2.1544 -36.6948 73.0262 75.0979 4.50123 38.413 88.102 -95.19 91.4196 -51.9156 85.1557 26.0692 79.2733 80.8411 
58.7257 54.3108 45.8537 -51.287 -51.6275 69.809 -48.6876 -79.8145 58.9567 -59.9568 85.453 -68.7453 -5.83111 24.1542 65.8901 
26.8693 -22.1776 -60.9782 -52.6222 59.3786 -43.5409 16.8817 -81.4222 -37.7647 -4.08162 31.7055 62.3094 95.5173 -47.4455 -65.0542 
-31.8904 -14.9348 -97.8624 85.9152 47.0876 -80.9208 15.8191 -19.7258 -64.6299 -74.8213 -36.4902 -98.407 96.0276 -27.1541 -77.6898 
-96.816 50.2367 3.74115 -31.7437 -13.3099 -40.3039 -14.7989 70.3978 99.349 -2.49612 72.3532 -15.353 6.92655 -91.4046 -91.6657 
-92.7778 97.0475 87.4929 47.4161 -6.33256 -39.7734 -54.0548 -56.7531 88.7532 66.2558 87.3309 -19.5968 18.5353 -75.6381 17.0699 
1 1 1 1 1 1 1 1 1 1 1 1 1 1 1 
